眉山市	103.8565633	30.08252612	2013	17	255	0.06666667
潮州市	116.6294702	23.66262319	2013	8	194	0.041237112
徐州市	117.2905754	34.21266655	2013	7	226	0.030973451
汉中市	107.0294302	33.07379991	2013	6	250	0.024
鸡西市	130.9756187	45.30087232	2013	1	302	0.0033112583
平凉市	106.6714423	35.54923205	2013	9	261	0.03448276
上饶市	117.9494596	28.46062592	2013	13	278	0.04676259
南充市	106.1175026	30.84378251	2013	18	446	0.040358745
连云港市	119.2286213	34.60224953	2013	7	220	0.03181818
哈尔滨市	126.5416151	45.80882583	2013	2	95	0.0210526 32
六安市	116.5264097	31.74145082	2013	1	226	0.0044247787
呼和浩特市	111.7555086	40.848423	2013	7	169	0.041420117
泰州市	119.9295663	32.46067505	2013	12	323	0.0371517
莆田市	119.014521	25.45986546	2013	22	251	0.087649405
威海市	122.127541	37.51643055	2013	9	300	0.03
阳泉市	113.5876167	37.86236085	2013	5	136	0.036764707
岳阳市	113.1354894	29.36317829	2013	7	163	0.042944785
扬州市	119.4194189	32.40067694	2013	2	183	0.010928961
台州市	121.4274347	28.66219406	2013	6	593	0.010118044
齐齐哈尔市	123.9245709	47.35997719	2013	10	217	0.04608295
安阳市	114.3995004	36.10594098	2013	1	241	0.004149378
巢湖市	117.8804904	31.60873255	2013	6	208	0.028846154
保山市	99.17727329	25.13903879	2013	4	261	0.01532567
焦作市	113.2485478	35.22096325	2013	12	247	0.048582997
锦州市	121.1325963	41.1009315	2013	4	151	0.026490066
荆门市	112.206393	31.04173258	2013	5	171	0.029239766
内江市	105.064588	29.58588654	2013	2	223	0.00896861
襄樊市	112.1763258	32.09493365	2013	8	404	0.01980198
宁德市	119.5545107	26.67224171	2013	3	235	0.012765957
昆明市	102.8524484	24.87399815	2013	5	403	0.012406948
锡林郭勒盟	116.0543914	43.93942267	2013	12	293	0.040955633
聊城市	115.9915878	36.46275819	2013	16	317	0.050473187
运城市	111.0133895	35.03270691	2013	9	125	0.072
临汾市	111.5255302	36.0937419	2013	18	273	0.06593407
丽江市	100.2324645	26.86065744	2013	3	188	0.015957447
四平市	124.3564816	43.17199357	2013	14	603	0.023217248
深圳市	114.0645518	22.54845664	2013	1	90	0.011111111
渭南市	109.5165896	34.50571552	2013	9	226	0.03982301
朝阳市	120.4574995	41.57982086	2013	12	280	0.042857144
天津	117.2108131	39.1439299	2013	11	242	0.045454547
张掖市	100.4564115	38.93206601	2013	9	192	0.046875
佛山市	113.1285122	23.02775875	2013	2	204	0.009803922
哈尔滨	126.5416151	45.80882583	2013	1	60	0.016666668
宜宾市	104.6494037	28.75800703	2013	15	297	0.05050505
邵阳市	111.4744329	27.24527027	2013	12	416	0.028846154
宿迁市	118.281574	33.96774972	2013	2	154	0.012987013
盐城市	120.1675443	33.35510092	2013	2	209	0.009569378
兰州市	103.8405212	36.06723469	2013	4	125	0.032
宝鸡市	107.2445754	34.36891564	2013	8	443	0.018058691
滨州市	117.977404	37.3881962	2013	7	280	0.025
洛阳市	112.4594213	34.62426278	2013	10	371	0.026954178
黄冈市	114.8784905	30.45935886	2013	6	280	0.021428572
赤峰市	118.8955204	42.2616861	2013	9	213	0.04225352
南宁市	108.3734508	22.8226066	2013	3	166	0.018072288
吉林市	126.5556345	43.84356783	2013	3	278	0.010791367
承德市	117.9693975	40.95785601	2013	3	281	0.010676157
长沙市	112.9454732	28.2348894	2013	6	121	0.049586777
佳木斯市	130.3273591	46.80568999	2013	3	140	0.021428572
九江市	116.0075349	29.71134056	2013	2	282	0.0070921984
信阳市	114.0974828	32.15301455	2013	9	526	0.017110266
鞍山市	123.0013725	41.1150536	2013	4	178	0.02247191
广安市	106.6395527	30.46174611	2013	5	222	0.022522522
本溪市	123.6925071	41.49291646	2013	13	235	0.05531915
临沂市	118.363533	35.11067124	2013	16	535	0.029906543
玉林市	110.1884531	22.65983051	2013	17	327	0.051987767
绵阳市	104.6855619	31.47366305	2013	13	245	0.053061225
平顶山市	113.1995286	33.77205075	2013	7	224	0.03125
黔东南苗族侗族自治州	107.9894462	26.58970297	2013	1	130	0.0076923077
湖州市	120.0945166	30.89896394	2013	3	195	0.015384615
兴安盟	122.0443645	46.08846371	2013	12	306	0.039215688
大连市	121.6216315	38.91895367	2013	17	246	0.06910569
恩施土家族苗族自治州	109.4945926	30.27793958	2013	9	231	0.038961038
凉山彝族自治州	102.2735027	27.8877523	2013	8	284	0.028169014
石家庄市	114.5215319	38.04831193	2013	7	421	0.016627079
黔南布依族苗族自治州	107.5284027	26.2606162	2013	4	211	0.018957347
阜阳市	115.8204361	32.89606099	2013	6	208	0.028846154
成都市	104.0815335	30.65582188	2013	5	342	0.014619883
宜春市	114.4235637	27.82085642	2013	3	103	0.029126214
临沧市	100.0954404	23.89046856	2013	6	226	0.026548672
重庆市	106.5584342	29.56899625	2013	22	297	0.074074075
南昌市	115.8645894	28.6894553	2013	19	545	0.034862384
濮阳市	115.0355975	35.76759303	2013	3	245	0.012244898
甘孜藏族自治州	101.9685467	30.05527884	2013	4	162	0.024691358
杭州市	120.2155118	30.25308298	2013	2	174	0.011494253
桂林市	110.2035454	25.24288572	2013	5	157	0.031847134
娄底市	112.0015035	27.7032086	2013	4	234	0.017094018
苏州市	120.5924122	31.30356407	2013	11	245	0.04489796
茂名市	110.9315426	21.66906403	2013	43	622	0.06913184
常德市	111.7054522	29.03775	2013	2	179	0.011173184
枣庄市	117.3305419	34.81599405	2013	10	157	0.06369427
景德镇市	117.1845764	29.27424771	2013	8	194	0.041237112
楚雄彝族自治州	101.5344125	25.05177357	2013	12	493	0.024340771
沧州市	116.8455808	38.31021514	2013	5	256	0.01953125
郑州市	113.6314192	34.75343885	2013	13	288	0.045138888
亳州市	115.7844632	33.8506427	2013	10	298	0.033557046
北京	116.4133837	39.91092455	2013	2	118	0.016949153
漳州市	117.6535765	24.51892979	2013	7	156	0.044871796
丽水市	119.9295731	28.47327818	2013	6	246	0.024390243
济南市	117.1263994	36.6565542	2013	6	452	0.013274336
淮南市	117.0063889	32.6318474	2013	13	260	0.05
江门市	113.0885562	22.58460388	2013	6	352	0.017045455
海东地区	102.085207	36.51761017	2013	6	231	0.025974026
安庆市	117.0636039	30.53095657	2013	9	261	0.03448276
周口市	114.7034825	33.63182888	2013	8	157	0.050955415
忻州市	112.7406242	38.42238339	2013	15	242	0.06198347
保定市	115.4714638	38.87998777	2013	21	511	0.04109589
潍坊市	119.1683779	36.71265155	2013	17	306	0.055555556
资阳市	104.6344353	30.13495656	2013	3	175	0.017142856
德州市	116.3655567	37.44130845	2013	6	290	0.020689655
广州市	113.2714313	23.13533631	2013	14	413	0.033898305
呼伦贝尔市	119.7723705	49.21844648	2013	31	656	0.047256097
青岛市	120.3894552	36.0722275	2013	2	150	0.013333334
榆林市	109.741616	38.29088384	2013	10	155	0.06451613
河池市	108.0914999	24.69891173	2013	13	243	0.053497944
阿克苏地	80.26694348	41.17502986	2013	5	233	0.021459227
定西市	104.6324201	35.58683293	2013	11	214	0.05140187
宁波市	121.6285725	29.86603305	2013	3	227	0.013215859
上海市	121.4805389	31.23592904	2013	5	136	0.036764707
清远市	113.0624683	23.68823029	2013	2	160	0.0125
益阳市	112.361516	28.55971118	2013	3	167	0.017964073
福州市	119.3034698	26.08042942	2013	8	175	0.045714285
赣州市	114.9405034	25.8351761	2013	10	274	0.03649635
宿州市	116.9705439	33.65209533	2013	7	271	0.025830258
昭通市	103.7235118	27.34408386	2013	9	280	0.03214286
