眉山市	103.8565633	30.08252612	2015	24	277	0.0866426
潮州市	116.6294702	23.66262319	2015	12	199	0.06030151
徐州市	117.2905754	34.21266655	2015	10	237	0.042194095
汉中市	107.0294302	33.07379991	2015	22	260	0.08461539
鸡西市	130.9756187	45.30087232	2015	5	318	0.015723271
平凉市	106.6714423	35.54923205	2015	14	257	0.054474708
上饶市	117.9494596	28.46062592	2015	13	284	0.045774646
南充市	106.1175026	30.84378251	2015	25	486	0.05144033
连云港市	119.2286213	34.60224953	2015	6	219	0.02739726
哈尔滨市	126.5416151	45.80882583	2015	3	117	0.025641026
六安市	116.5264097	31.74145082	2015	3	268	0.01119403
呼和浩特市	111.7555086	40.848423	2015	6	111	0.054054055
泰州市	119.9295663	32.46067505	2015	12	332	0.036144577
莆田市	119.014521	25.45986546	2015	35	260	0.13461539
威海市	122.127541	37.51643055	2015	13	309	0.042071197
扬州市	119.4194189	32.40067694	2015	2	200	0.01
台州市	121.4274347	28.66219406	2015	9	585	0.015384615
齐齐哈尔市	123.9245709	47.35997719	2015	17	239	0.07112971
安阳市	114.3995004	36.10594098	2015	3	257	0.0116731515
巢湖市	117.8804904	31.60873255	2015	13	208	0.0625
保山市	99.17727329	25.13903879	2015	4	275	0.014545455
焦作市	113.2485478	35.22096325	2015	15	280	0.05357143
锦州市	121.1325963	41.1009315	2015	9	205	0.043902438
荆门市	112.206393	31.04173258	2015	6	193	0.031088082
内江市	105.064588	29.58588654	2015	6	243	0.024691358
襄樊市	112.1763258	32.09493365	2015	16	435	0.03678161
宁德市	119.5545107	26.67224171	2015	4	256	0.015625
昆明市	102.8524484	24.87399815	2015	12	462	0.025974026
锡林郭勒盟	116.0543914	43.93942267	2015	12	237	0.050632913
聊城市	115.9915878	36.46275819	2015	26	341	0.076246336
深圳市	114.0645518	22.54845664	2015	1	94	0.010638298
临汾市	111.5255302	36.0937419	2015	23	285	0.08070175
丽江市	100.2324645	26.86065744	2015	4	216	0.018518519
四平市	124.3564816	43.17199357	2015	21	618	0.033980582
天津	117.2108131	39.1439299	2015	16	209	0.07655502
渭南市	109.5165896	34.50571552	2015	11	239	0.046025105
朝阳市	120.4574995	41.57982086	2015	15	296	0.050675675
佛山市	113.1285122	23.02775875	2015	2	222	0.009009009
哈尔滨	126.5416151	45.80882583	2015	1	62	0.016129032
邵阳市	111.4744329	27.24527027	2015	18	472	0.038135592
宿迁市	118.281574	33.96774972	2015	4	189	0.02116402
盐城市	120.1675443	33.35510092	2015	6	232	0.02586207
兰州市	103.8405212	36.06723469	2015	5	161	0.031055901
宝鸡市	107.2445754	34.36891564	2015	13	499	0.026052104
滨州市	117.977404	37.3881962	2015	11	296	0.037162162
洛阳市	112.4594213	34.62426278	2015	12	414	0.028985508
黄冈市	114.8784905	30.45935886	2015	6	319	0.018808777
赤峰市	118.8955204	42.2616861	2015	17	240	0.07083333
南宁市	108.3734508	22.8226066	2015	2	180	0.011111111
吉林市	126.5556345	43.84356783	2015	7	297	0.023569023
承德市	117.9693975	40.95785601	2015	7	299	0.02341137
佳木斯市	130.3273591	46.80568999	2015	5	158	0.03164557
九江市	116.0075349	29.71134056	2015	4	290	0.013793103
信阳市	114.0974828	32.15301455	2015	12	546	0.021978023
鞍山市	123.0013725	41.1150536	2015	12	205	0.058536585
广安市	106.6395527	30.46174611	2015	7	230	0.030434782
本溪市	123.6925071	41.49291646	2015	20	278	0.07194245
临沂市	118.363533	35.11067124	2015	27	608	0.044407893
绵阳市	104.6855619	31.47366305	2015	18	250	0.072
平顶山市	113.1995286	33.77205075	2015	9	280	0.03214286
黔东南苗族侗族自治州	107.9894462	26.58970297	2015	9	147	0.06122449
湖州市	120.0945166	30.89896394	2015	8	224	0.035714287
兴安盟	122.0443645	46.08846371	2015	12	279	0.043010753
大连市	121.6216315	38.91895367	2015	19	240	0.079166666
恩施土家族苗族自治州	109.4945926	30.27793958	2015	12	256	0.046875
凉山彝族自治州	102.2735027	27.8877523	2015	12	298	0.040268455
石家庄市	114.5215319	38.04831193	2015	9	443	0.020316027
黔南布依族苗族自治州	107.5284027	26.2606162	2015	12	242	0.049586777
阜阳市	115.8204361	32.89606099	2015	12	262	0.045801528
成都市	104.0815335	30.65582188	2015	13	363	0.035812672
临沧市	100.0954404	23.89046856	2015	6	236	0.025423728
南昌市	115.8645894	28.6894553	2015	26	554	0.04693141
濮阳市	115.0355975	35.76759303	2015	5	276	0.018115941
甘孜藏族自治州	101.9685467	30.05527884	2015	11	223	0.049327355
杭州市	120.2155118	30.25308298	2015	4	182	0.021978023
桂林市	110.2035454	25.24288572	2015	5	188	0.026595745
娄底市	112.0015035	27.7032086	2015	8	252	0.031746034
苏州市	120.5924122	31.30356407	2015	16	265	0.06037736
茂名市	110.9315426	21.66906403	2015	64	644	0.099378884
常德市	111.7054522	29.03775	2015	2	198	0.01010101
景德镇市	117.1845764	29.27424771	2015	14	208	0.067307696
楚雄彝族自治州	101.5344125	25.05177357	2015	24	548	0.04379562
沧州市	116.8455808	38.31021514	2015	10	281	0.035587188
亳州市	115.7844632	33.8506427	2015	13	308	0.042207792
江门市	113.0885562	22.58460388	2015	12	378	0.031746034
丽水市	119.9295731	28.47327818	2015	8	279	0.028673835
淮南市	117.0063889	32.6318474	2015	20	288	0.06944445
济南市	117.1263994	36.6565542	2015	12	517	0.023210831
海东地区	102.085207	36.51761017	2015	6	262	0.022900764
安庆市	117.0636039	30.53095657	2015	11	256	0.04296875
忻州市	112.7406242	38.42238339	2015	19	242	0.0785124
保定市	115.4714638	38.87998777	2015	27	549	0.04918033
潍坊市	119.1683779	36.71265155	2015	20	312	0.06410257
德州市	116.3655567	37.44130845	2015	9	296	0.030405406
广州市	113.2714313	23.13533631	2015	26	463	0.056155507
呼伦贝尔市	119.7723705	49.21844648	2015	44	612	0.07189543
嘉兴市	120.7635518	30.75097483	2015	2	187	0.010695187
青岛市	120.3894552	36.0722275	2015	4	169	0.02366864
河池市	108.0914999	24.69891173	2015	14	253	0.05533597
阿克苏地	80.26694348	41.17502986	2015	7	213	0.032863848
定西市	104.6324201	35.58683293	2015	21	240	0.0875
宁波市	121.6285725	29.86603305	2015	3	241	0.012448133
上海市	121.4805389	31.23592904	2015	7	132	0.053030305
清远市	113.0624683	23.68823029	2015	4	208	0.01923077
福州市	119.3034698	26.08042942	2015	11	204	0.05392157
赣州市	114.9405034	25.8351761	2015	11	296	0.037162162
宿州市	116.9705439	33.65209533	2015	17	305	0.055737704
