眉山市	103.8565633	30.08252612	2011	9	215	0.041860465
潮州市	116.6294702	23.66262319	2011	6	160	0.0375
徐州市	117.2905754	34.21266655	2011	5	216	0.023148147
汉中市	107.0294302	33.07379991	2011	4	217	0.01843318
鸡西市	130.9756187	45.30087232	2011	1	281	0.0035587188
平凉市	106.6714423	35.54923205	2011	7	217	0.032258064
上饶市	117.9494596	28.46062592	2011	11	272	0.040441178
南充市	106.1175026	30.84378251	2011	10	433	0.023094688
连云港市	119.2286213	34.60224953	2011	6	183	0.032786883
哈尔滨市	126.5416151	45.80882583	2011	2	92	0.02173913
六安市	116.5264097	31.74145082	2011	2	237	0.008438818
呼和浩特市	111.7555086	40.848423	2011	6	164	0.036585364
泰州市	119.9295663	32.46067505	2011	13	319	0.04075235
莆田市	119.014521	25.45986546	2011	19	237	0.080168776
威海市	122.127541	37.51643055	2011	8	280	0.028571429
阳泉市	113.5876167	37.86236085	2011	7	234	0.02991453
岳阳市	113.1354894	29.36317829	2011	11	221	0.049773756
台州市	121.4274347	28.66219406	2011	4	529	0.007561437
齐齐哈尔市	123.9245709	47.35997719	2011	8	212	0.03773585
巢湖市	117.8804904	31.60873255	2011	5	155	0.032258064
保山市	99.17727329	25.13903879	2011	4	242	0.016528925
焦作市	113.2485478	35.22096325	2011	12	232	0.05172414
荆门市	112.206393	31.04173258	2011	4	170	0.023529412
内江市	105.064588	29.58588654	2011	1	197	0.005076142
临汾市	111.5255302	36.0937419	2011	14	254	0.05511811
昆明市	102.8524484	24.87399815	2011	8	419	0.01909308
宁德市	119.5545107	26.67224171	2011	2	216	0.009259259
襄樊市	112.1763258	32.09493365	2011	6	421	0.014251782
深圳市	114.0645518	22.54845664	2011	1	83	0.012048192
锡林郭勒盟	116.0543914	43.93942267	2011	8	320	0.025
聊城市	115.9915878	36.46275819	2011	15	320	0.046875
运城市	111.0133895	35.03270691	2011	14	215	0.06511628
四平市	124.3564816	43.17199357	2011	11	524	0.020992367
丽江市	100.2324645	26.86065744	2011	2	177	0.011299435
渭南市	109.5165896	34.50571552	2011	7	208	0.033653848
天津	117.2108131	39.1439299	2011	12	267	0.04494382
佛山市	113.1285122	23.02775875	2011	2	180	0.011111111
朝阳市	120.4574995	41.57982086	2011	12	266	0.04511278
张掖市	100.4564115	38.93206601	2011	12	272	0.04411765
哈尔滨	126.5416151	45.80882583	2011	2	59	0.033898305
宜宾市	104.6494037	28.75800703	2011	14	435	0.032183908
邵阳市	111.4744329	27.24527027	2011	9	349	0.025787966
盐城市	120.1675443	33.35510092	2011	4	215	0.018604651
兰州市	103.8405212	36.06723469	2011	4	116	0.03448276
宝鸡市	107.2445754	34.36891564	2011	2	432	0.0046296297
滨州市	117.977404	37.3881962	2011	7	269	0.026022306
洛阳市	112.4594213	34.62426278	2011	9	346	0.02601156
黄冈市	114.8784905	30.45935886	2011	6	290	0.020689655
赤峰市	118.8955204	42.2616861	2011	8	259	0.03088803
南宁市	108.3734508	22.8226066	2011	2	170	0.011764706
吉林市	126.5556345	43.84356783	2011	3	204	0.014705882
长沙市	112.9454732	28.2348894	2011	7	181	0.038674034
佳木斯市	130.3273591	46.80568999	2011	1	143	0.006993007
九江市	116.0075349	29.71134056	2011	3	242	0.012396694
信阳市	114.0974828	32.15301455	2011	8	486	0.016460905
鞍山市	123.0013725	41.1150536	2011	4	192	0.020833334
广安市	106.6395527	30.46174611	2011	2	149	0.013422819
本溪市	123.6925071	41.49291646	2011	12	262	0.045801528
临沂市	118.363533	35.11067124	2011	11	466	0.023605151
玉林市	110.1884531	22.65983051	2011	15	436	0.03440367
绵阳市	104.6855619	31.47366305	2011	10	209	0.04784689
平顶山市	113.1995286	33.77205075	2011	7	251	0.027888447
黔东南苗族侗族自治州	107.9894462	26.58970297	2011	1	111	0.009009009
湖州市	120.0945166	30.89896394	2011	1	186	0.005376344
兴安盟	122.0443645	46.08846371	2011	11	293	0.037542664
大连市	121.6216315	38.91895367	2011	13	223	0.058295965
恩施土家族苗族自治州	109.4945926	30.27793958	2011	10	193	0.051813472
凉山彝族自治州	102.2735027	27.8877523	2011	6	276	0.02173913
石家庄市	114.5215319	38.04831193	2011	9	352	0.025568182
黔南布依族苗族自治州	107.5284027	26.2606162	2011	4	209	0.019138755
阜阳市	115.8204361	32.89606099	2011	5	211	0.023696683
成都市	104.0815335	30.65582188	2011	7	348	0.020114943
宜春市	114.4235637	27.82085642	2011	5	157	0.031847134
临沧市	100.0954404	23.89046856	2011	6	211	0.028436018
重庆市	106.5584342	29.56899625	2011	21	419	0.050119333
南昌市	115.8645894	28.6894553	2011	16	507	0.031558186
濮阳市	115.0355975	35.76759303	2011	4	231	0.017316017
甘孜藏族自治州	101.9685467	30.05527884	2011	2	148	0.013513514
杭州市	120.2155118	30.25308298	2011	1	157	0.006369427
桂林市	110.2035454	25.24288572	2011	5	152	0.032894738
娄底市	112.0015035	27.7032086	2011	2	174	0.011494253
苏州市	120.5924122	31.30356407	2011	9	248	0.03629032
茂名市	110.9315426	21.66906403	2011	32	603	0.053067993
常德市	111.7054522	29.03775	2011	2	145	0.013793103
枣庄市	117.3305419	34.81599405	2011	13	220	0.05909091
景德镇市	117.1845764	29.27424771	2011	6	151	0.0397351
楚雄彝族自治州	101.5344125	25.05177357	2011	7	440	0.01590909
沧州市	116.8455808	38.31021514	2011	5	239	0.020920502
郑州市	113.6314192	34.75343885	2011	13	406	0.032019705
亳州市	115.7844632	33.8506427	2011	6	266	0.02255639
北京	116.4133837	39.91092455	2011	6	139	0.043165468
漳州市	117.6535765	24.51892979	2011	11	224	0.04910714
丽水市	119.9295731	28.47327818	2011	5	233	0.021459227
济南市	117.1263994	36.6565542	2011	5	411	0.0121654505
淮南市	117.0063889	32.6318474	2011	9	245	0.036734693
江门市	113.0885562	22.58460388	2011	4	269	0.014869888
海东地区	102.085207	36.51761017	2011	6	211	0.028436018
安庆市	117.0636039	30.53095657	2011	8	230	0.034782607
周口市	114.7034825	33.63182888	2011	10	229	0.04366812
忻州市	112.7406242	38.42238339	2011	12	201	0.05970149
保定市	115.4714638	38.87998777	2011	14	463	0.030237582
潍坊市	119.1683779	36.71265155	2011	15	296	0.050675675
资阳市	104.6344353	30.13495656	2011	7	259	0.027027028
德州市	116.3655567	37.44130845	2011	6	280	0.021428572
广州市	113.2714313	23.13533631	2011	13	397	0.032745592
呼伦贝尔市	119.7723705	49.21844648	2011	20	643	0.0311042
青岛市	120.3894552	36.0722275	2011	2	145	0.013793103
榆林市	109.741616	38.29088384	2011	12	252	0.04761905
河池市	108.0914999	24.69891173	2011	9	206	0.04368932
阿克苏地	80.26694348	41.17502986	2011	7	215	0.03255814
定西市	104.6324201	35.58683293	2011	9	223	0.040358745
宁波市	121.6285725	29.86603305	2011	3	197	0.015228426
上海市	121.4805389	31.23592904	2011	1	157	0.006369427
福州市	119.3034698	26.08042942	2011	7	171	0.040935673
益阳市	112.361516	28.55971118	2011	5	215	0.023255814
赣州市	114.9405034	25.8351761	2011	7	279	0.025089607
宿州市	116.9705439	33.65209533	2011	8	258	0.031007752
昭通市	103.7235118	27.34408386	2011	13	415	0.031325303
